5.398935079574584961e-01
1.193818822503089905e-01
1.325659900903701782e-01
9.224282205104827881e-02
8.430700004100799561e-02
8.096775412559509277e-02
1.365330219268798828e-01
6.431973725557327271e-02
1.016649752855300903e-01
7.902054488658905029e-02
6.600601226091384888e-02
8.256500959396362305e-02
7.335154712200164795e-02
4.515025019645690918e-02
7.043727487325668335e-02
1.097830757498741150e-01
7.565085589885711670e-02
5.398305132985115051e-02
6.674970686435699463e-02
5.203896015882492065e-02
6.490030884742736816e-02
9.717557579278945923e-02
6.060121580958366394e-02
5.576343461871147156e-02
1.147364228963851929e-01
6.643091887235641479e-02
1.132013425230979919e-01
6.943605840206146240e-02
7.462396472692489624e-02
5.773795396089553833e-02
1.032985001802444458e-01
6.656936556100845337e-02
9.791150689125061035e-02
5.988035723567008972e-02
6.189408153295516968e-02
6.288620829582214355e-02
6.043429300189018250e-02
9.663422405719757080e-02
5.308806896209716797e-02
7.072274386882781982e-02
5.645392090082168579e-02
6.713155657052993774e-02
7.344008237123489380e-02
6.306375563144683838e-02
7.500863075256347656e-02
8.563088625669479370e-02
6.453837454319000244e-02
6.592212617397308350e-02
6.551702320575714111e-02
6.263574212789535522e-02
6.430694460868835449e-02
6.512560695409774780e-02
5.673495680093765259e-02
5.734266713261604309e-02
5.802221968770027161e-02
5.379750579595565796e-02
7.762321084737777710e-02
9.278145432472229004e-02
6.587417423725128174e-02
5.074331164360046387e-02
6.196468323469161987e-02
5.881778150796890259e-02
7.051984220743179321e-02
9.766025841236114502e-02
6.203497201204299927e-02
6.299968808889389038e-02
6.644167006015777588e-02
7.954064011573791504e-02
6.436921656131744385e-02
4.699484258890151978e-02
5.094001442193984985e-02
5.661491304636001587e-02
5.275137349963188171e-02
8.570820093154907227e-02
7.016194611787796021e-02
5.850321799516677856e-02
7.816468924283981323e-02
6.960621476173400879e-02
6.302802264690399170e-02
6.706862151622772217e-02
5.629742145538330078e-02
5.583388730883598328e-02
8.334667235612869263e-02
6.739091873168945312e-02
8.224561065435409546e-02
9.079541265964508057e-02
5.371544882655143738e-02
5.303674936294555664e-02
6.412629038095474243e-02
5.652802437543869019e-02
6.259233504533767700e-02
5.462945252656936646e-02
5.844203755259513855e-02
5.177081376314163208e-02
6.163237616419792175e-02
5.554465204477310181e-02
6.060883402824401855e-02
6.098874285817146301e-02
6.474305689334869385e-02
6.334927678108215332e-02
4.262030124664306641e-02
6.228675693273544312e-02
3.768698126077651978e-02
4.437267780303955078e-02
1.435844451189041138e-01
6.969299167394638062e-02
4.954584687948226929e-02
5.466504022479057312e-02
6.348363310098648071e-02
6.023902818560600281e-02
4.911854118108749390e-02
6.943194568157196045e-02
4.931332916021347046e-02
6.165354326367378235e-02
6.095573306083679199e-02
5.297198891639709473e-02
6.032794713973999023e-02
4.212819784879684448e-02
4.788564518094062805e-02
6.754641234874725342e-02
6.433740258216857910e-02
6.680093705654144287e-02
5.896532535552978516e-02
6.427889317274093628e-02
4.192891716957092285e-02
5.724857002496719360e-02
5.210149288177490234e-02
6.618551164865493774e-02
5.929328873753547668e-02
6.585875153541564941e-02
5.558499693870544434e-02
5.925405770540237427e-02
5.011823028326034546e-02
6.739871948957443237e-02
5.499647930264472961e-02
4.386423155665397644e-02
5.658622458577156067e-02
4.940355569124221802e-02
5.781177803874015808e-02
6.012418866157531738e-02
4.139509052038192749e-02
4.548227787017822266e-02
5.645913630723953247e-02
5.136144161224365234e-02
6.091269105672836304e-02
4.967842623591423035e-02
3.678790479898452759e-02
5.605169013142585754e-02
4.854108020663261414e-02
5.117952823638916016e-02
5.280014127492904663e-02
5.428837612271308899e-02
5.288244411349296570e-02
6.384615600109100342e-02
4.700299352407455444e-02
5.009006336331367493e-02
6.090395897626876831e-02
6.583567708730697632e-02
4.357323795557022095e-02
5.441219359636306763e-02
4.915369302034378052e-02
4.541497305035591125e-02
4.171238094568252563e-02
5.555836483836174011e-02
5.216883495450019836e-02
5.704590678215026855e-02
4.157102108001708984e-02
5.127996951341629028e-02
5.110532790422439575e-02
4.488369822502136230e-02
5.319023132324218750e-02
4.602923244237899780e-02
5.703786760568618774e-02
5.106655880808830261e-02
5.707892030477523804e-02
4.008570313453674316e-02
5.861260369420051575e-02
4.622671008110046387e-02
4.756216332316398621e-02
4.491938278079032898e-02
4.859546571969985962e-02
5.448754876852035522e-02
5.735582858324050903e-02
6.809096783399581909e-02
5.583910271525382996e-02
5.304039269685745239e-02
4.995583370327949524e-02
5.052207782864570618e-02
6.207696720957756042e-02
4.976118728518486023e-02
5.447443202137947083e-02
5.082375556230545044e-02
4.116207361221313477e-02
5.859825760126113892e-02
7.884128391742706299e-02
4.811944440007209778e-02
4.066343978047370911e-02
5.135075375437736511e-02
8.363439142704010010e-02
6.326739490032196045e-02
