5.072609186172485352e-01
8.116676658391952515e-02
8.052705228328704834e-02
1.281103789806365967e-01
9.582743048667907715e-02
1.073200255632400513e-01
7.205332815647125244e-02
1.587687134742736816e-01
4.583557322621345520e-02
7.061012089252471924e-02
1.608669608831405640e-01
4.495761916041374207e-02
7.912764698266983032e-02
5.362623184919357300e-02
1.068345308303833008e-01
5.174864083528518677e-02
9.162364155054092407e-02
8.408877253532409668e-02
4.276297241449356079e-02
7.940036803483963013e-02
5.148623138666152954e-02
4.283636063337326050e-02
5.171551555395126343e-02
4.712508246302604675e-02
7.602791488170623779e-02
4.724886268377304077e-02
5.177922919392585754e-02
1.972254961729049683e-01
1.355487555265426636e-01
5.171852558851242065e-02
3.864805027842521667e-02
5.456426739692687988e-02
5.199589580297470093e-02
4.866020008921623230e-02
5.912765860557556152e-02
4.719068855047225952e-02
1.016250699758529663e-01
9.770988672971725464e-02
1.222047805786132812e-01
6.854602694511413574e-02
5.941636115312576294e-02
5.159182101488113403e-02
5.035340040922164917e-02
5.988621711730957031e-02
4.716837406158447266e-02
9.311085939407348633e-02
9.009151905775070190e-02
4.038771241903305054e-02
9.007290005683898926e-02
4.597468301653862000e-02
5.363255739212036133e-02
6.397461891174316406e-02
3.534861654043197632e-02
9.527323395013809204e-02
6.147654727101325989e-02
9.326693415641784668e-02
3.862900286912918091e-02
5.999765917658805847e-02
4.599297791719436646e-02
5.045459419488906860e-02
4.086136072874069214e-02
5.444318056106567383e-02
4.671214148402214050e-02
9.941254556179046631e-02
8.340483903884887695e-02
5.861029773950576782e-02
5.709721893072128296e-02
3.746951371431350708e-02
4.881294444203376770e-02
3.820281475782394409e-02
6.241546943783760071e-02
8.429494500160217285e-02
4.421282559633255005e-02
2.805429697036743164e-02
3.640068694949150085e-02
4.566899687051773071e-02
1.001079306006431580e-01
5.368878692388534546e-02
3.725636005401611328e-02
3.752722591161727905e-02
7.007138431072235107e-02
7.419822365045547485e-02
1.002551689743995667e-01
6.150579452514648438e-02
5.894552543759346008e-02
4.061315581202507019e-02
8.198235183954238892e-02
8.971840143203735352e-02
7.021070271730422974e-02
7.699699699878692627e-02
4.001503437757492065e-02
6.465809047222137451e-02
5.218256637454032898e-02
6.761658191680908203e-02
3.704759478569030762e-02
4.501504823565483093e-02
4.441091418266296387e-02
3.947208449244499207e-02
4.226813837885856628e-02
7.246138900518417358e-02
3.929932788014411926e-02
4.970981553196907043e-02
5.774268507957458496e-02
9.261287748813629150e-02
7.462010532617568970e-02
4.137604311108589172e-02
3.029946610331535339e-02
3.175602480769157410e-02
3.012464568018913269e-02
4.489282891154289246e-02
7.496748864650726318e-02
5.593754723668098450e-02
5.332615971565246582e-02
5.590490251779556274e-02
6.624366343021392822e-02
4.776148870587348938e-02
6.011218950152397156e-02
3.292721509933471680e-02
7.625386863946914673e-02
4.467795416712760925e-02
4.117807745933532715e-02
4.292508959770202637e-02
2.716292813420295715e-02
3.587252646684646606e-02
7.245063781738281250e-02
5.501597002148628235e-02
7.782984524965286255e-02
3.423210233449935913e-02
8.047229796648025513e-02
6.711071729660034180e-02
4.611552506685256958e-02
4.465472698211669922e-02
5.487181991338729858e-02
3.523261472582817078e-02
3.454542905092239380e-02
4.229584336280822754e-02
3.679574280977249146e-02
4.762350395321846008e-02
4.336441308259963989e-02
4.360444098711013794e-02
4.034922644495964050e-02
6.932116299867630005e-02
4.257773235440254211e-02
1.270630806684494019e-01
2.769083902239799500e-02
8.490952104330062866e-02
7.603947818279266357e-02
3.239369392395019531e-02
5.137870460748672485e-02
3.039959073066711426e-02
4.107158631086349487e-02
9.700481593608856201e-02
9.491333365440368652e-02
4.263745620846748352e-02
7.175323367118835449e-02
5.261892080307006836e-02
4.051213338971138000e-02
4.820653051137924194e-02
3.441507741808891296e-02
6.721933186054229736e-02
3.370095044374465942e-02
8.465106785297393799e-02
1.289712637662887573e-01
3.796219825744628906e-02
4.958827421069145203e-02
4.504095762968063354e-02
5.864389613270759583e-02
5.031070858240127563e-02
4.080395027995109558e-02
3.445082157850265503e-02
3.658802062273025513e-02
3.853918239474296570e-02
7.457795739173889160e-02
5.059027671813964844e-02
5.260774493217468262e-02
1.228500455617904663e-01
7.244665920734405518e-02
3.919593617320060730e-02
8.487543463706970215e-02
6.957370042800903320e-02
6.604011356830596924e-02
6.942676007747650146e-02
9.358940273523330688e-02
9.526031464338302612e-02
6.962148100137710571e-02
3.958961367607116699e-02
1.197443753480911255e-01
4.309575632214546204e-02
5.008171871304512024e-02
3.363410383462905884e-02
4.923707991838455200e-02
4.008980467915534973e-02
4.621370881795883179e-02
4.132882878184318542e-02
2.947564050555229187e-02
9.059883654117584229e-02
3.533966094255447388e-02
1.028890609741210938e-01
3.366376832127571106e-02
3.526601940393447876e-02
