4.457029700279235840e-01
1.054758280515670776e-01
1.281457841396331787e-01
7.342715561389923096e-02
1.124451309442520142e-01
1.095848679542541504e-01
8.225324004888534546e-02
8.151475340127944946e-02
9.689570963382720947e-02
7.451462000608444214e-02
1.037204638123512268e-01
1.077146753668785095e-01
6.528079509735107422e-02
7.174565643072128296e-02
6.065793707966804504e-02
6.907895952463150024e-02
7.360188663005828857e-02
8.914102613925933838e-02
6.450514495372772217e-02
1.074574217200279236e-01
6.864968687295913696e-02
7.184864580631256104e-02
7.508300244808197021e-02
6.791885197162628174e-02
1.063368543982505798e-01
8.136191219091415405e-02
8.215261995792388916e-02
8.672403544187545776e-02
4.915968701243400574e-02
7.003942877054214478e-02
6.676325201988220215e-02
5.846558138728141785e-02
7.709265500307083130e-02
7.864034920930862427e-02
5.647937580943107605e-02
7.013405859470367432e-02
5.714813992381095886e-02
5.590512230992317200e-02
6.497363001108169556e-02
6.421772390604019165e-02
6.834354996681213379e-02
9.362243115901947021e-02
5.998461320996284485e-02
7.548303902149200439e-02
7.931864261627197266e-02
7.165357470512390137e-02
5.295510217547416687e-02
6.791929900646209717e-02
5.617175623774528503e-02
4.942420125007629395e-02
6.954277306795120239e-02
7.984571158885955811e-02
5.130883306264877319e-02
7.110230624675750732e-02
5.136635899543762207e-02
6.206105276942253113e-02
6.198229640722274780e-02
6.749702990055084229e-02
6.845460832118988037e-02
7.989298552274703979e-02
6.260116398334503174e-02
6.387216597795486450e-02
5.750765278935432434e-02
6.209104135632514954e-02
6.139946728944778442e-02
7.221515476703643799e-02
6.246923282742500305e-02
4.952383041381835938e-02
5.298548191785812378e-02
6.182801723480224609e-02
6.487230956554412842e-02
7.070527970790863037e-02
7.108525931835174561e-02
4.938308149576187134e-02
4.741952568292617798e-02
5.796278640627861023e-02
5.753080174326896667e-02
7.141612470149993896e-02
6.798040121793746948e-02
7.544209063053131104e-02
7.801934331655502319e-02
6.357918679714202881e-02
7.302812486886978149e-02
5.888336151838302612e-02
5.880962684750556946e-02
6.891672313213348389e-02
5.778060108423233032e-02
7.509462535381317139e-02
7.729609310626983643e-02
5.481520295143127441e-02
6.170347332954406738e-02
9.853755682706832886e-02
4.776725918054580688e-02
9.928292781114578247e-02
7.455782592296600342e-02
6.310022622346878052e-02
4.828952625393867493e-02
5.032414197921752930e-02
4.554688185453414917e-02
6.332698464393615723e-02
5.325959995388984680e-02
5.969191715121269226e-02
6.007979437708854675e-02
5.035161972045898438e-02
6.164897605776786804e-02
9.673430770635604858e-02
6.992479413747787476e-02
7.001623511314392090e-02
6.799371540546417236e-02
4.636595398187637329e-02
7.166577875614166260e-02
5.992250517010688782e-02
7.502375543117523193e-02
4.399815201759338379e-02
6.283884495496749878e-02
4.698988050222396851e-02
4.475075006484985352e-02
5.936437100172042847e-02
5.206742137670516968e-02
5.866824835538864136e-02
4.453201964497566223e-02
8.239980041980743408e-02
5.469934269785881042e-02
5.253492668271064758e-02
6.469066441059112549e-02
4.275327175855636597e-02
4.618390649557113647e-02
6.572622805833816528e-02
6.378878653049468994e-02
5.901452898979187012e-02
4.483137652277946472e-02
5.720924213528633118e-02
4.712664335966110229e-02
5.765414983034133911e-02
5.733172968029975891e-02
9.520092606544494629e-02
6.056079268455505371e-02
5.287699028849601746e-02
5.738011747598648071e-02
4.561702534556388855e-02
5.257852002978324890e-02
7.029109448194503784e-02
5.982215330004692078e-02
7.512614130973815918e-02
6.307184696197509766e-02
7.311838120222091675e-02
1.027721613645553589e-01
5.319736525416374207e-02
5.245442315936088562e-02
6.255900114774703979e-02
5.404407903552055359e-02
4.453533142805099487e-02
6.485550105571746826e-02
7.023258507251739502e-02
5.775422975420951843e-02
5.011889338493347168e-02
4.895379021763801575e-02
7.242620736360549927e-02
5.003010481595993042e-02
6.710117310285568237e-02
5.230598896741867065e-02
4.819326475262641907e-02
4.119178652763366699e-02
6.015064194798469543e-02
5.560700222849845886e-02
6.197864934802055359e-02
4.663101583719253540e-02
5.994740873575210571e-02
4.970150068402290344e-02
4.572020843625068665e-02
6.965810805559158325e-02
1.078694090247154236e-01
4.386357218027114868e-02
5.464091151952743530e-02
4.835124686360359192e-02
4.884865880012512207e-02
6.007812172174453735e-02
5.792813375592231750e-02
5.497615784406661987e-02
6.902912259101867676e-02
8.612346649169921875e-02
7.087527960538864136e-02
6.177300214767456055e-02
7.609625160694122314e-02
4.845652729272842407e-02
5.150058120489120483e-02
6.268166750669479370e-02
4.293432831764221191e-02
5.221222713589668274e-02
4.925744980573654175e-02
6.874560564756393433e-02
3.929950669407844543e-02
5.931948497891426086e-02
4.814087599515914917e-02
4.198260977864265442e-02
5.188456177711486816e-02
6.998501718044281006e-02
5.453205108642578125e-02
4.111136868596076965e-02
5.959910154342651367e-02
