5.715500712394714355e-01
1.885480284690856934e-01
9.765654802322387695e-02
1.110572367906570435e-01
1.380527466535568237e-01
1.407048702239990234e-01
1.578162014484405518e-01
1.675862818956375122e-01
1.433467119932174683e-01
1.647024303674697876e-01
8.284829556941986084e-02
8.980688452720642090e-02
9.231700003147125244e-02
9.485190361738204956e-02
1.101909428834915161e-01
7.784186303615570068e-02
1.394463777542114258e-01
1.274514496326446533e-01
9.498269110918045044e-02
8.339082449674606323e-02
1.223949193954467773e-01
1.418719738721847534e-01
1.458934843540191650e-01
7.508345693349838257e-02
1.180489063262939453e-01
1.081193536520004272e-01
7.571555674076080322e-02
1.179959326982498169e-01
1.084057837724685669e-01
1.424572765827178955e-01
7.446210086345672607e-02
8.264397084712982178e-02
9.642725437879562378e-02
1.209888085722923279e-01
1.428158283233642578e-01
1.094818338751792908e-01
1.058514267206192017e-01
1.019780784845352173e-01
1.367622911930084229e-01
9.945800155401229858e-02
1.480329930782318115e-01
8.675061166286468506e-02
7.371620833873748779e-02
1.178516000509262085e-01
7.626288384199142456e-02
1.348096877336502075e-01
5.628762394189834595e-02
1.265069693326950073e-01
8.880843967199325562e-02
5.590335652232170105e-02
8.627621829509735107e-02
6.141627579927444458e-02
6.985749304294586182e-02
1.259317398071289062e-01
1.108948960900306702e-01
1.263933926820755005e-01
7.129684835672378540e-02
1.134597286581993103e-01
8.145269751548767090e-02
8.095853030681610107e-02
1.032488942146301270e-01
5.021219328045845032e-02
1.123334392905235291e-01
8.426727354526519775e-02
1.120779886841773987e-01
7.280952483415603638e-02
9.450776129961013794e-02
7.254334539175033569e-02
7.150681316852569580e-02
1.233761161565780640e-01
8.610362559556961060e-02
1.389142721891403198e-01
6.830998510122299194e-02
5.977205559611320496e-02
5.716794729232788086e-02
6.925929337739944458e-02
7.577225565910339355e-02
8.824242651462554932e-02
7.930336147546768188e-02
6.512583792209625244e-02
8.273732662200927734e-02
8.210849761962890625e-02
9.576049447059631348e-02
6.141783669590950012e-02
1.435425728559494019e-01
1.168473139405250549e-01
7.846488058567047119e-02
5.096453428268432617e-02
6.509226560592651367e-02
9.538505226373672485e-02
6.765601783990859985e-02
9.801771491765975952e-02
7.831718772649765015e-02
9.763347357511520386e-02
9.863063693046569824e-02
6.759212911128997803e-02
7.949279248714447021e-02
7.717835158109664917e-02
5.110799521207809448e-02
8.428891003131866455e-02
9.229604899883270264e-02
4.545508697628974915e-02
7.152278721332550049e-02
1.088344007730484009e-01
4.759347438812255859e-02
5.644646286964416504e-02
8.252277970314025879e-02
5.602984502911567688e-02
9.735812246799468994e-02
7.162410020828247070e-02
1.099912375211715698e-01
4.119507223367691040e-02
9.467862546443939209e-02
8.433049917221069336e-02
6.599479913711547852e-02
7.511769980192184448e-02
6.712890416383743286e-02
4.300212860107421875e-02
1.076021641492843628e-01
6.335619091987609863e-02
5.727469176054000854e-02
6.202678009867668152e-02
7.601096481084823608e-02
7.558183372020721436e-02
9.166149795055389404e-02
5.280099064111709595e-02
9.806850552558898926e-02
8.887828141450881958e-02
7.531060278415679932e-02
5.398612469434738159e-02
5.828293412923812866e-02
7.042061537504196167e-02
7.612293958663940430e-02
4.180488735437393188e-02
7.760824263095855713e-02
9.163611382246017456e-02
6.863523274660110474e-02
5.385705828666687012e-02
4.703304171562194824e-02
4.799406602978706360e-02
9.377292543649673462e-02
5.577740818262100220e-02
1.547685265541076660e-01
5.775769427418708801e-02
8.574111759662628174e-02
6.118703633546829224e-02
6.840385496616363525e-02
4.321599751710891724e-02
4.958820343017578125e-02
5.013862252235412598e-02
6.875032931566238403e-02
4.623740166425704956e-02
4.453879594802856445e-02
7.941360771656036377e-02
8.137171715497970581e-02
4.798962548375129700e-02
1.268808543682098389e-01
4.280405119061470032e-02
6.663410365581512451e-02
4.117430374026298523e-02
7.869635522365570068e-02
1.069607958197593689e-01
5.311595648527145386e-02
5.194931477308273315e-02
8.840620517730712891e-02
7.026554644107818604e-02
5.192251130938529968e-02
6.883639842271804810e-02
4.884678870439529419e-02
9.432496130466461182e-02
5.596829205751419067e-02
5.217206478118896484e-02
5.891559273004531860e-02
9.792126715183258057e-02
5.279108881950378418e-02
5.091045051813125610e-02
7.281965017318725586e-02
9.058335423469543457e-02
4.200415685772895813e-02
9.659238904714584351e-02
6.169890612363815308e-02
4.262908548116683960e-02
3.685991093516349792e-02
7.839588820934295654e-02
5.632976442575454712e-02
5.681179091334342957e-02
4.774956032633781433e-02
5.668168514966964722e-02
5.243537575006484985e-02
9.651408344507217407e-02
4.811985418200492859e-02
5.025696754455566406e-02
4.435046389698982239e-02
4.806629940867424011e-02
4.988077282905578613e-02
3.334946185350418091e-02
5.897494032979011536e-02
4.411164671182632446e-02
5.324167758226394653e-02
5.464050173759460449e-02
