4.467534124851226807e-01
1.060736402869224548e-01
1.203616037964820862e-01
8.788789808750152588e-02
6.264796853065490723e-02
1.022446379065513611e-01
7.750304043292999268e-02
7.904326170682907104e-02
5.988965556025505066e-02
7.066670060157775879e-02
8.636959642171859741e-02
5.219351500272750854e-02
9.612786024808883667e-02
6.611702591180801392e-02
7.326772809028625488e-02
5.925007909536361694e-02
7.223555445671081543e-02
5.426468327641487122e-02
6.548324972391128540e-02
6.267556548118591309e-02
6.953249126672744751e-02
7.212193310260772705e-02
7.347313314676284790e-02
7.769043743610382080e-02
8.907127380371093750e-02
7.172256708145141602e-02
1.202849373221397400e-01
6.343935430049896240e-02
6.210677698254585266e-02
7.694353908300399780e-02
6.024424359202384949e-02
1.026837676763534546e-01
5.713077634572982788e-02
5.983231216669082642e-02
6.422065198421478271e-02
6.579396873712539673e-02
5.256373435258865356e-02
9.554989635944366455e-02
6.679286062717437744e-02
1.132985576987266541e-01
5.899094790220260620e-02
7.929352670907974243e-02
6.348154693841934204e-02
7.839515060186386108e-02
7.685763388872146606e-02
6.725922226905822754e-02
7.889144867658615112e-02
4.128891229629516602e-02
6.478562206029891968e-02
6.210146099328994751e-02
5.709605291485786438e-02
9.388915449380874634e-02
7.746686786413192749e-02
8.714075386524200439e-02
5.370398610830307007e-02
6.547179818153381348e-02
6.909271329641342163e-02
8.517313003540039062e-02
6.277753412723541260e-02
7.214592397212982178e-02
6.215428560972213745e-02
6.971697509288787842e-02
8.877210319042205811e-02
6.539180129766464233e-02
5.552406981587409973e-02
5.878362804651260376e-02
6.021097302436828613e-02
7.553596049547195435e-02
4.754102975130081177e-02
6.757317483425140381e-02
4.854382947087287903e-02
5.584340542554855347e-02
4.490969330072402954e-02
5.505164340138435364e-02
6.306324899196624756e-02
5.731875821948051453e-02
3.967624902725219727e-02
5.689579993486404419e-02
6.157078221440315247e-02
6.612905859947204590e-02
5.947715044021606445e-02
6.921662390232086182e-02
6.791918724775314331e-02
6.670607626438140869e-02
5.614279583096504211e-02
7.438802719116210938e-02
9.763508290052413940e-02
5.818807333707809448e-02
8.128624409437179565e-02
8.184329420328140259e-02
4.268185049295425415e-02
6.036276742815971375e-02
3.920232132077217102e-02
6.533624231815338135e-02
7.748220115900039673e-02
7.093890011310577393e-02
6.845030188560485840e-02
5.767838284373283386e-02
5.630087107419967651e-02
6.238240748643875122e-02
5.691896006464958191e-02
5.048656463623046875e-02
7.676425576210021973e-02
5.987634137272834778e-02
4.862228035926818848e-02
4.549186304211616516e-02
5.471025034785270691e-02
7.050545513629913330e-02
4.555534198880195618e-02
5.140194296836853027e-02
3.990811854600906372e-02
5.598170310258865356e-02
5.864791199564933777e-02
5.320698767900466919e-02
7.989801466464996338e-02
5.031030625104904175e-02
7.002666592597961426e-02
6.648489087820053101e-02
4.894175007939338684e-02
6.062925606966018677e-02
4.880043119192123413e-02
5.950807407498359680e-02
5.589549615979194641e-02
7.228092104196548462e-02
6.207077577710151672e-02
6.037948653101921082e-02
4.799738526344299316e-02
4.709811881184577942e-02
1.069236248731613159e-01
6.829394400119781494e-02
4.722601920366287231e-02
5.021438002586364746e-02
6.231096386909484863e-02
6.011532619595527649e-02
5.073618143796920776e-02
7.197137176990509033e-02
5.919241905212402344e-02
7.947908341884613037e-02
5.214606970548629761e-02
6.155345588922500610e-02
5.630644038319587708e-02
5.276304483413696289e-02
5.562973767518997192e-02
5.814880132675170898e-02
4.556021094322204590e-02
5.442566424608230591e-02
6.564766913652420044e-02
5.204307287931442261e-02
5.283374339342117310e-02
4.598937556147575378e-02
4.844963550567626953e-02
5.823845416307449341e-02
5.929801613092422485e-02
4.959265515208244324e-02
6.827922165393829346e-02
4.478957131505012512e-02
5.927104502916336060e-02
5.570660904049873352e-02
7.261525094509124756e-02
5.420764535665512085e-02
5.408763140439987183e-02
5.006970837712287903e-02
5.007150024175643921e-02
6.731040030717849731e-02
8.187119662761688232e-02
6.179019063711166382e-02
3.951533511281013489e-02
4.987544566392898560e-02
5.206000059843063354e-02
5.462787300348281860e-02
4.245648533105850220e-02
5.800466984510421753e-02
5.004818364977836609e-02
4.590787366032600403e-02
5.128372833132743835e-02
5.842901393771171570e-02
4.618760943412780762e-02
5.518481880426406860e-02
6.202221661806106567e-02
5.353297665715217590e-02
5.579436570405960083e-02
4.601529985666275024e-02
8.707429468631744385e-02
9.984125196933746338e-02
5.849465727806091309e-02
5.134891718626022339e-02
4.391853138804435730e-02
5.404474213719367981e-02
8.025114238262176514e-02
5.523219704627990723e-02
6.681040674448013306e-02
6.389668583869934082e-02
6.626807898283004761e-02
4.888784885406494141e-02
5.226715654134750366e-02
7.319562137126922607e-02
5.274628475308418274e-02
6.641210615634918213e-02
4.882233589887619019e-02
5.885959789156913757e-02
