4.471903443336486816e-01
1.387601494789123535e-01
1.954967081546783447e-01
8.923820406198501587e-02
1.099166423082351685e-01
1.096781343221664429e-01
1.158589273691177368e-01
1.448851972818374634e-01
1.177721023559570312e-01
1.269363760948181152e-01
1.916895955801010132e-01
1.026921421289443970e-01
9.211853146553039551e-02
1.749509871006011963e-01
7.567058503627777100e-02
1.000704020261764526e-01
1.290918290615081787e-01
1.073186844587326050e-01
1.326505243778228760e-01
9.313551336526870728e-02
9.016907215118408203e-02
1.316234618425369263e-01
9.042250365018844604e-02
8.432100713253021240e-02
1.069720983505249023e-01
1.229761987924575806e-01
8.055604994297027588e-02
9.846869856119155884e-02
9.402178227901458740e-02
1.178322806954383850e-01
1.304111331701278687e-01
9.292096644639968872e-02
9.625350683927536011e-02
1.029094234108924866e-01
8.910407125949859619e-02
8.064223825931549072e-02
7.586149871349334717e-02
1.022443398833274841e-01
1.082859188318252563e-01
1.172405928373336792e-01
6.140036135911941528e-02
8.168626576662063599e-02
5.884062126278877258e-02
9.684989601373672485e-02
1.015316247940063477e-01
4.896918684244155884e-02
8.423861116170883179e-02
9.314566105604171753e-02
7.855427265167236328e-02
6.651174277067184448e-02
7.150689512491226196e-02
9.227032214403152466e-02
7.747892290353775024e-02
9.859804809093475342e-02
9.165417402982711792e-02
1.013409122824668884e-01
6.505605578422546387e-02
9.885403513908386230e-02
7.469197362661361694e-02
7.755355536937713623e-02
6.988399475812911987e-02
6.345708668231964111e-02
8.556862175464630127e-02
6.547743827104568481e-02
9.417162835597991943e-02
7.155878841876983643e-02
6.066572666168212891e-02
6.644017249345779419e-02
6.989039480686187744e-02
7.056821882724761963e-02
5.203844234347343445e-02
4.676534608006477356e-02
8.627311885356903076e-02
6.213724613189697266e-02
6.835943460464477539e-02
7.731098681688308716e-02
6.505734473466873169e-02
6.086342781782150269e-02
6.953508406877517700e-02
5.247194319963455200e-02
4.516602307558059692e-02
6.376704573631286621e-02
7.082205265760421753e-02
3.817214444279670715e-02
6.226768344640731812e-02
5.901594832539558411e-02
5.213446542620658875e-02
4.951225966215133667e-02
7.512546330690383911e-02
4.344289377331733704e-02
5.625713989138603210e-02
6.497713178396224976e-02
1.046948432922363281e-01
8.253556489944458008e-02
5.377331376075744629e-02
7.223341614007949829e-02
9.578448534011840820e-02
8.359634131193161011e-02
7.498443871736526489e-02
6.203521043062210083e-02
5.631185322999954224e-02
5.748773738741874695e-02
5.299011617898941040e-02
4.237311333417892456e-02
5.371299386024475098e-02
6.048702076077461243e-02
6.775836646556854248e-02
5.631750822067260742e-02
4.745300486683845520e-02
6.419923156499862671e-02
6.097565963864326477e-02
7.452742010354995728e-02
5.236265808343887329e-02
8.980424702167510986e-02
7.924794405698776245e-02
5.062202364206314087e-02
6.375579535961151123e-02
6.107468530535697937e-02
6.938622891902923584e-02
5.986806750297546387e-02
5.357195064425468445e-02
5.001986771821975708e-02
4.290311411023139954e-02
4.353696852922439575e-02
6.016500666737556458e-02
5.006655305624008179e-02
7.779753953218460083e-02
3.566043823957443237e-02
4.795079678297042847e-02
5.451763421297073364e-02
7.157520949840545654e-02
6.394222378730773926e-02
6.272751837968826294e-02
7.545694708824157715e-02
4.743046313524246216e-02
5.958368629217147827e-02
4.842318966984748840e-02
4.590242356061935425e-02
4.487048462033271790e-02
4.039889574050903320e-02
4.822123795747756958e-02
4.426686093211174011e-02
5.108536034822463989e-02
4.530271887779235840e-02
3.995896503329277039e-02
4.702334478497505188e-02
4.194820672273635864e-02
5.567790940403938293e-02
3.959713503718376160e-02
4.642631486058235168e-02
5.984228849411010742e-02
5.605173110961914062e-02
5.473037809133529663e-02
4.589694738388061523e-02
5.163848400115966797e-02
5.627926439046859741e-02
4.517700523138046265e-02
6.484566628932952881e-02
4.646123573184013367e-02
5.665715783834457397e-02
3.793991357088088989e-02
6.058812141418457031e-02
5.518826097249984741e-02
4.540364816784858704e-02
3.794384747743606567e-02
5.731462687253952026e-02
7.174895703792572021e-02
5.528312921524047852e-02
3.552601858973503113e-02
5.082743242383003235e-02
4.819141700863838196e-02
3.935880213975906372e-02
5.278493091464042664e-02
8.293743431568145752e-02
4.485348612070083618e-02
4.027141258120536804e-02
4.062981158494949341e-02
4.209919646382331848e-02
7.953331619501113892e-02
6.052284315228462219e-02
5.605978891253471375e-02
3.525330498814582825e-02
4.345448687672615051e-02
4.919850826263427734e-02
4.056897014379501343e-02
4.507357999682426453e-02
4.739079996943473816e-02
2.780259214341640472e-02
4.423044249415397644e-02
3.218065947294235229e-02
4.437084123492240906e-02
4.415711760520935059e-02
4.426484555006027222e-02
5.430296808481216431e-02
4.435599595308303833e-02
4.601491242647171021e-02
4.095383360981941223e-02
6.047167629003524780e-02
4.825579375028610229e-02
5.639990419149398804e-02
