5.647496581077575684e-01
9.473311901092529297e-02
1.611280590295791626e-01
1.962071657180786133e-01
1.189261674880981445e-01
1.215848699212074280e-01
1.084870919585227966e-01
1.553860902786254883e-01
2.033198177814483643e-01
3.959910199046134949e-02
5.947592854499816895e-02
8.444135636091232300e-02
8.368610590696334839e-02
1.614162474870681763e-01
9.086071699857711792e-02
7.141754031181335449e-02
1.166788935661315918e-01
1.479793488979339600e-01
7.567589730024337769e-02
8.617667853832244873e-02
8.179268985986709595e-02
5.862789228558540344e-02
8.541454374790191650e-02
7.382843643426895142e-02
7.278542220592498779e-02
6.443689763545989990e-02
4.123160988092422485e-02
8.275295794010162354e-02
4.603105038404464722e-02
7.234957069158554077e-02
9.031892567873001099e-02
6.334736943244934082e-02
7.987029105424880981e-02
6.428427249193191528e-02
3.744057938456535339e-02
2.047441005706787109e-01
6.072076037526130676e-02
1.191611886024475098e-01
8.570344746112823486e-02
5.838502570986747742e-02
5.208966881036758423e-02
5.816309899091720581e-02
5.631612613797187805e-02
6.047077104449272156e-02
9.310448914766311646e-02
6.259947270154953003e-02
6.297847628593444824e-02
9.438725560903549194e-02
1.491828411817550659e-01
4.656009748578071594e-02
8.995768427848815918e-02
6.292928755283355713e-02
4.631785675883293152e-02
6.490222364664077759e-02
8.359209448099136353e-02
9.347743541002273560e-02
1.176777034997940063e-01
5.677656456828117371e-02
4.808114096522331238e-02
5.514775961637496948e-02
8.808533847332000732e-02
1.032269224524497986e-01
9.298055619001388550e-02
1.013390794396400452e-01
8.605471998453140259e-02
6.800033897161483765e-02
6.004706770181655884e-02
7.306499779224395752e-02
4.838807508349418640e-02
9.146087616682052612e-02
8.317165076732635498e-02
7.002360373735427856e-02
4.466737434267997742e-02
6.743486970663070679e-02
1.283063143491744995e-01
4.475724697113037109e-02
4.231476783752441406e-02
9.998022764921188354e-02
1.057182326912879944e-01
1.668573617935180664e-01
3.356456756591796875e-02
6.189494207501411438e-02
1.334046423435211182e-01
1.260059922933578491e-01
7.058919966220855713e-02
5.332617834210395813e-02
6.250952184200286865e-02
3.390426561236381531e-02
7.742693275213241577e-02
7.002316415309906006e-02
4.833561927080154419e-02
1.002914458513259888e-01
7.348909974098205566e-02
1.037620678544044495e-01
6.739444285631179810e-02
7.262857258319854736e-02
6.324674934148788452e-02
4.470293968915939331e-02
4.165182635188102722e-02
5.959437042474746704e-02
1.415328681468963623e-01
5.612616986036300659e-02
4.261120408773422241e-02
3.947611898183822632e-02
8.897887915372848511e-02
6.565926969051361084e-02
1.520195901393890381e-01
8.767612278461456299e-02
4.369532316923141479e-02
5.633234977722167969e-02
1.637573540210723877e-01
5.466395616531372070e-02
4.165246337652206421e-02
2.963088080286979675e-02
1.223460808396339417e-01
8.184490352869033813e-02
6.366910040378570557e-02
5.027772858738899231e-02
5.399217456579208374e-02
5.432114005088806152e-02
7.488936185836791992e-02
3.244807571172714233e-02
6.540793925523757935e-02
9.492396563291549683e-02
1.266894042491912842e-01
4.402705281972885132e-02
8.787497878074645996e-02
4.355710744857788086e-02
8.088620007038116455e-02
6.622622907161712646e-02
3.696789592504501343e-02
3.927371650934219360e-02
6.012956053018569946e-02
7.179977744817733765e-02
4.926963523030281067e-02
8.435405790805816650e-02
4.789643734693527222e-02
7.053911685943603516e-02
9.796635806560516357e-02
4.937957599759101868e-02
6.071005016565322876e-02
7.074849307537078857e-02
4.788681119680404663e-02
8.680160343647003174e-02
5.139541625976562500e-02
1.377559304237365723e-01
7.997930049896240234e-02
1.134639531373977661e-01
4.068980738520622253e-02
8.502875268459320068e-02
7.750856131315231323e-02
1.095487102866172791e-01
8.665357530117034912e-02
5.470362305641174316e-02
4.162976145744323730e-02
3.339429572224617004e-02
5.467150732874870300e-02
9.945435822010040283e-02
2.880681119859218597e-02
3.216946870088577271e-02
8.395774662494659424e-02
7.564376294612884521e-02
7.239975780248641968e-02
4.855990409851074219e-02
4.161620140075683594e-02
5.059808492660522461e-02
5.507819727063179016e-02
5.665331333875656128e-02
3.883221000432968140e-02
3.747370094060897827e-02
3.886526077985763550e-02
1.520325839519500732e-01
3.404547646641731262e-02
3.664509207010269165e-02
8.320986479520797729e-02
4.214066267013549805e-02
3.552424162626266479e-02
4.331555962562561035e-02
3.490190580487251282e-02
7.600940763950347900e-02
6.410899013280868530e-02
4.249524325132369995e-02
3.833920881152153015e-02
8.281068503856658936e-02
3.673589974641799927e-02
3.676314279437065125e-02
4.462337493896484375e-02
7.254613190889358521e-02
8.158677071332931519e-02
5.001093819737434387e-02
1.211997866630554199e-01
3.488148003816604614e-02
4.077593237161636353e-02
7.507537305355072021e-02
6.173942238092422485e-02
7.217326760292053223e-02
4.914252832531929016e-02
4.394730180501937866e-02
9.709192812442779541e-02
7.779353857040405273e-02
