4.987836480140686035e-01
1.163411587476730347e-01
1.170765608549118042e-01
1.292313784360885620e-01
1.297596395015716553e-01
1.137810721993446350e-01
1.422035992145538330e-01
1.483418494462966919e-01
8.749104291200637817e-02
8.451948314905166626e-02
1.385962218046188354e-01
1.000746116042137146e-01
1.313351392745971680e-01
1.033509522676467896e-01
8.501401543617248535e-02
1.148413792252540588e-01
1.072298064827919006e-01
8.617572486400604248e-02
1.250823438167572021e-01
1.434317529201507568e-01
1.086072102189064026e-01
9.130810201168060303e-02
9.117570519447326660e-02
9.338682889938354492e-02
1.298462003469467163e-01
1.304520368576049805e-01
7.723391056060791016e-02
9.530153870582580566e-02
9.309951961040496826e-02
8.728677034378051758e-02
1.086110100150108337e-01
1.065296381711959839e-01
1.471839398145675659e-01
9.856344014406204224e-02
1.196383833885192871e-01
8.730012178421020508e-02
6.704284995794296265e-02
1.688752025365829468e-01
9.924048930406570435e-02
9.558433294296264648e-02
8.142615109682083130e-02
1.710418611764907837e-01
1.306549608707427979e-01
6.841643154621124268e-02
9.790422767400741577e-02
1.131551489233970642e-01
9.031531214714050293e-02
7.871593534946441650e-02
7.622963935136795044e-02
6.729877740144729614e-02
6.594159454107284546e-02
5.614402145147323608e-02
7.350676506757736206e-02
6.307963281869888306e-02
1.062188595533370972e-01
1.267216354608535767e-01
1.239810809493064880e-01
1.442324370145797729e-01
4.629173874855041504e-02
5.561772733926773071e-02
1.228608861565589905e-01
1.024123877286911011e-01
4.843078181147575378e-02
7.893653213977813721e-02
1.161388903856277466e-01
7.531736046075820923e-02
8.644532412290573120e-02
5.892009660601615906e-02
7.582287490367889404e-02
6.803707778453826904e-02
6.873342394828796387e-02
8.428899943828582764e-02
7.537702471017837524e-02
1.030533313751220703e-01
5.247210338711738586e-02
8.179375529289245605e-02
9.887190908193588257e-02
6.374603509902954102e-02
1.119812726974487305e-01
5.108609795570373535e-02
4.202212020754814148e-02
8.051382005214691162e-02
4.789634793996810913e-02
7.752443850040435791e-02
8.587077260017395020e-02
4.220889881253242493e-02
5.060587078332901001e-02
6.017480418086051941e-02
6.368459761142730713e-02
5.038828402757644653e-02
5.588514730334281921e-02
6.421771645545959473e-02
8.177236467599868774e-02
3.507518768310546875e-02
5.402176827192306519e-02
6.038798764348030090e-02
5.459353327751159668e-02
5.658186599612236023e-02
7.828856259584426880e-02
5.667673423886299133e-02
7.227049767971038818e-02
1.015103086829185486e-01
6.517945230007171631e-02
5.355303362011909485e-02
5.743753910064697266e-02
1.173361167311668396e-01
5.430340766906738281e-02
1.015112772583961487e-01
6.836733222007751465e-02
5.773170664906501770e-02
7.295408099889755249e-02
4.968489333987236023e-02
6.153432652354240417e-02
5.674051120877265930e-02
6.123143434524536133e-02
5.507516115903854370e-02
5.526702478528022766e-02
1.205175891518592834e-01
5.981649085879325867e-02
6.811337172985076904e-02
5.633165687322616577e-02
6.738043576478958130e-02
5.510016158223152161e-02
8.244310319423675537e-02
5.671002343297004700e-02
6.168676167726516724e-02
4.938498884439468384e-02
7.245989143848419189e-02
5.260867625474929810e-02
6.864620745182037354e-02
9.084223955869674683e-02
6.089308112859725952e-02
5.574218556284904480e-02
5.143043398857116699e-02
6.694824993610382080e-02
4.856899380683898926e-02
7.074776291847229004e-02
6.584192067384719849e-02
5.562364310026168823e-02
6.285332888364791870e-02
4.746333882212638855e-02
6.324901431798934937e-02
6.372753530740737915e-02
6.302483379840850830e-02
6.301175057888031006e-02
6.066950410604476929e-02
6.907038390636444092e-02
5.488535016775131226e-02
3.944120928645133972e-02
1.006242036819458008e-01
5.668972805142402649e-02
6.540161371231079102e-02
5.010915920138359070e-02
4.762911051511764526e-02
3.794338181614875793e-02
6.065158918499946594e-02
5.225027352571487427e-02
5.547264963388442993e-02
5.487213656306266785e-02
4.336635395884513855e-02
4.533856362104415894e-02
3.678747266530990601e-02
5.527956038713455200e-02
4.879190400242805481e-02
4.449071362614631653e-02
5.163049697875976562e-02
5.671841651201248169e-02
1.023611575365066528e-01
6.852202862501144409e-02
5.284592509269714355e-02
5.557733029127120972e-02
5.104475095868110657e-02
4.006965085864067078e-02
4.281979799270629883e-02
4.508932307362556458e-02
9.220482409000396729e-02
5.947054550051689148e-02
6.129877641797065735e-02
4.617974907159805298e-02
5.134052038192749023e-02
4.633312672376632690e-02
6.076446175575256348e-02
6.627706438302993774e-02
6.763010472059249878e-02
3.426212072372436523e-02
4.571798443794250488e-02
4.310559481382369995e-02
4.907334595918655396e-02
3.625605255365371704e-02
4.639790579676628113e-02
4.606981948018074036e-02
5.253925919532775879e-02
3.950383141636848450e-02
5.319786816835403442e-02
4.204613715410232544e-02
5.434284359216690063e-02
4.070502519607543945e-02
4.418421536684036255e-02
3.926497697830200195e-02
4.813504219055175781e-02
