4.804079532623291016e-01
1.490009725093841553e-01
8.391423523426055908e-02
7.538298517465591431e-02
9.159024804830551147e-02
1.024359688162803650e-01
4.716286063194274902e-02
5.299562215805053711e-02
5.254874378442764282e-02
7.793837040662765503e-02
7.805521786212921143e-02
9.550722688436508179e-02
8.516956865787506104e-02
6.975277513265609741e-02
1.047972068190574646e-01
3.496172279119491577e-02
6.587110459804534912e-02
4.718203470110893250e-02
8.299879729747772217e-02
5.824888497591018677e-02
1.008839383721351624e-01
7.740703970193862915e-02
3.291876241564750671e-02
4.564398527145385742e-02
8.149392902851104736e-02
1.030736714601516724e-01
6.513335555791854858e-02
5.233192443847656250e-02
1.055170521140098572e-01
4.115840792655944824e-02
1.018204465508460999e-01
9.734723716974258423e-02
3.910245746374130249e-02
1.508269160985946655e-01
6.315501034259796143e-02
3.866218402981758118e-02
4.685851186513900757e-02
4.928733780980110168e-02
4.920841008424758911e-02
6.162788718938827515e-02
6.357122212648391724e-02
6.660694628953933716e-02
4.286448284983634949e-02
9.641967713832855225e-02
4.587979242205619812e-02
7.890108227729797363e-02
1.226123571395874023e-01
5.394781380891799927e-02
6.725202500820159912e-02
7.707693427801132202e-02
3.730341792106628418e-02
1.009965911507606506e-01
9.234264492988586426e-02
4.298087954521179199e-02
1.106886491179466248e-01
1.213324293494224548e-01
7.332625985145568848e-02
1.023116111755371094e-01
4.718855768442153931e-02
6.809730082750320435e-02
5.115319415926933289e-02
4.867001622915267944e-02
8.546166121959686279e-02
3.870692104101181030e-02
1.058407872915267944e-01
6.700567156076431274e-02
1.293771415948867798e-01
5.530478805303573608e-02
5.782660096883773804e-02
3.685944527387619019e-02
4.911678284406661987e-02
5.432201549410820007e-02
5.199085921049118042e-02
1.254873126745223999e-01
3.501739352941513062e-02
6.340519338846206665e-02
7.351593673229217529e-02
7.950703799724578857e-02
3.971408680081367493e-02
4.925780370831489563e-02
1.070495620369911194e-01
9.312148392200469971e-02
4.937971755862236023e-02
5.377154797315597534e-02
4.989159107208251953e-02
5.697085708379745483e-02
4.642234370112419128e-02
2.995814755558967590e-02
1.015337482094764709e-01
2.656331099569797516e-02
9.456361830234527588e-02
3.486840799450874329e-02
6.468479335308074951e-02
4.371029883623123169e-02
9.663739055395126343e-02
7.618184387683868408e-02
4.228318482637405396e-02
6.745208054780960083e-02
5.616889521479606628e-02
7.198113948106765747e-02
8.424768596887588501e-02
7.052023708820343018e-02
1.014721617102622986e-01
7.339469343423843384e-02
4.240143299102783203e-02
5.221702903509140015e-02
4.084413498640060425e-02
3.350245952606201172e-02
1.024942547082901001e-01
6.212070584297180176e-02
2.998993918299674988e-02
3.326041623950004578e-02
6.854255497455596924e-02
4.827971011400222778e-02
4.458324983716011047e-02
7.594960182905197144e-02
4.080145806074142456e-02
4.073778912425041199e-02
4.092851281166076660e-02
3.975038975477218628e-02
1.270499825477600098e-01
6.443400681018829346e-02
3.079498372972011566e-02
3.397453576326370239e-02
1.300176084041595459e-01
4.057326912879943848e-02
6.869059056043624878e-02
6.812054663896560669e-02
4.146841913461685181e-02
4.445225000381469727e-02
3.305830433964729309e-02
9.452733397483825684e-02
4.017726704478263855e-02
8.685783296823501587e-02
8.603736758232116699e-02
4.069070145487785339e-02
6.141180917620658875e-02
2.900510467588901520e-02
6.032308191061019897e-02
5.770085379481315613e-02
3.147453814744949341e-02
7.293301075696945190e-02
9.403289854526519775e-02
6.235000491142272949e-02
6.145171076059341431e-02
9.109442681074142456e-02
3.814263269305229187e-02
8.863796293735504150e-02
4.201303049921989441e-02
3.464496880769729614e-02
8.189546316862106323e-02
4.737579077482223511e-02
6.114285066723823547e-02
2.717383578419685364e-02
7.402747869491577148e-02
3.859182074666023254e-02
1.219982653856277466e-01
5.655426532030105591e-02
3.901401162147521973e-02
5.819720029830932617e-02
4.386308044195175171e-02
3.941576927900314331e-02
2.723454311490058899e-02
2.516889572143554688e-02
7.799470424652099609e-02
3.249565884470939636e-02
3.591682761907577515e-02
3.410286456346511841e-02
4.191126301884651184e-02
1.014387756586074829e-01
2.939482964575290680e-02
2.614140510559082031e-02
7.561735063791275024e-02
4.178805276751518250e-02
3.208627179265022278e-02
3.804744035005569458e-02
6.128142401576042175e-02
1.316764652729034424e-01
4.568743705749511719e-02
6.455796211957931519e-02
5.641136318445205688e-02
4.516867920756340027e-02
3.005235828459262848e-02
8.699955046176910400e-02
3.711726516485214233e-02
4.685436561703681946e-02
9.582985192537307739e-02
8.094684034585952759e-02
6.508751213550567627e-02
3.866406157612800598e-02
9.213979542255401611e-02
7.790682464838027954e-02
3.427450731396675110e-02
7.634590566158294678e-02
9.101502597332000732e-02
2.609311975538730621e-02
7.018207013607025146e-02
3.414504975080490112e-02
3.500441461801528931e-02
3.587455675005912781e-02
